+------------+-----------------------+----------------------+---------------------+---------------------+--------------------+
| Num of gen |           x           |          y           |      Fit value      |         mean        |        best        |
+------------+-----------------------+----------------------+---------------------+---------------------+--------------------+
|     0      |   1.9318912050962287  |  0.3498393578942567  | -0.3318986291637085 | 0.19426169993509365 | 0.8350542022603221 |
|     0      |  -0.24535277954549217 |  0.5338885844383983  |  0.8350542022603221 |                     |                    |
|     0      |  -1.5038957502473536  |  0.2861823153619949  | 0.06413177016368336 |                     |                    |
|     0      |   0.5779543772172762  |  1.3176672468765789  | 0.20975945648007763 |                     |                    |
|     0      |  -0.24535277954549217 |  1.3176672468765789  | 0.24293445748833212 |  0.4819770498055582 | 0.7210196421227844 |
|     0      |   0.5779543772172762  |  0.5338885844383983  |  0.7210196421227844 |                     |                    |
|     0      |  -0.24535277954549217 |  1.3176672468765789  | 0.24293445748833212 |                     |                    |
|     0      |   0.5779543772172762  |  0.5338885844383983  |  0.7210196421227844 |                     |                    |
|     1      |   0.5779543772172762  |  0.5338885844383983  |  0.7210196421227844 |  0.7605489609486417 | 0.800078279774499  |
|     1      |   0.5779543772172762  |  0.5338885844383983  |  0.7210196421227844 |                     |                    |
|     1      |  0.37795437721727615  |  0.5338885844383983  |  0.800078279774499  |                     |                    |
|     1      |  0.37795437721727615  |  0.5338885844383983  |  0.800078279774499  |                     |                    |
|     2      |  0.37795437721727615  |  0.5338885844383983  |  0.800078279774499  |  0.7921041307190998 | 0.878094272092073  |
|     2      |  0.37795437721727615  |  0.7338885844383982  |  0.6901656912353283 |                     |                    |
|     2      |  0.37795437721727615  | 0.33388858443839825  |  0.878094272092073  |                     |                    |
|     2      |  0.37795437721727615  |  0.5338885844383983  |  0.800078279774499  |                     |                    |
|     3      |  0.37795437721727615  |  0.5338885844383983  |  0.800078279774499  |  0.8359344359730576 | 0.9753995007903299 |
|     3      |  0.17795437721727614  | 0.13388858443839824  |  0.9753995007903299 |                     |                    |
|     3      |  0.37795437721727615  |  0.7338885844383982  |  0.6901656912353283 |                     |                    |
|     3      |  0.37795437721727615  | 0.33388858443839825  |  0.878094272092073  |                     |                    |
|     4      | -0.022045622782723873 | 0.33388858443839825  |  0.944545549902874  |  0.9162116638827613 | 0.944545549902874  |
|     4      |  0.37795437721727615  | 0.13388858443839824  |  0.9211034167680492 |                     |                    |
|     4      |  0.37795437721727615  | 0.33388858443839825  |  0.878094272092073  |                     |                    |
|     4      |  0.37795437721727615  | 0.13388858443839824  |  0.9211034167680492 |                     |                    |
|     5      | -0.022045622782723873 | 0.13388858443839824  |  0.9908094847672191 |  0.9284292625544849 | 0.9908094847672191 |
|     5      |  0.37795437721727615  | 0.33388858443839825  |  0.878094272092073  |                     |                    |
|     5      |  -0.22204562278272388 | 0.13388858443839824  |  0.9667190212665745 |                     |                    |
|     5      |  0.37795437721727615  | 0.33388858443839825  |  0.878094272092073  |                     |                    |
|     6      | -0.022045622782723873 | 0.13388858443839824  |  0.9908094847672191 |  0.9708201156836955 | 0.9975729721540305 |
|     6      | -0.022045622782723873 | 0.13388858443839824  |  0.9908094847672191 |                     |                    |
|     6      | -0.022045622782723873 | -0.06611141556160177 |  0.9975729721540305 |                     |                    |
|     6      |  -0.4220456227827239  | 0.13388858443839824  |  0.9040885210463132 |                     |                    |
|     7      | -0.022045622782723873 | 0.33388858443839825  |  0.944545549902874  |  0.9765615171449404 | 0.9975729721540305 |
|     7      | -0.022045622782723873 | -0.06611141556160177 |  0.9975729721540305 |                     |                    |
|     7      | -0.022045622782723873 | 0.13388858443839824  |  0.9908094847672191 |                     |                    |
|     7      |  -0.22204562278272388 | -0.06611141556160177 |  0.9733180617556382 |                     |                    |
|     8      |  0.17795437721727614  | 0.13388858443839824  |  0.9753995007903299 |  0.9843161165912413 | 0.9975729721540305 |
|     8      | -0.022045622782723873 | -0.06611141556160177 |  0.9975729721540305 |                     |                    |
|     8      |  -0.22204562278272388 | 0.13388858443839824  |  0.9667190212665745 |                     |                    |
|     8      | -0.022045622782723873 | -0.06611141556160177 |  0.9975729721540305 |                     |                    |
|     9      | -0.022045622782723873 | 0.13388858443839824  |  0.9908094847672191 |  0.9958821003073277 | 0.9975729721540305 |
|     9      | -0.022045622782723873 | -0.06611141556160177 |  0.9975729721540305 |                     |                    |
|     9      | -0.022045622782723873 | -0.06611141556160177 |  0.9975729721540305 |                     |                    |
|     9      | -0.022045622782723873 | -0.06611141556160177 |  0.9975729721540305 |                     |                    |
|     10     | -0.022045622782723873 | -0.06611141556160177 |  0.9975729721540305 |  0.9778885589256769 | 0.9975729721540305 |
|     10     | -0.022045622782723873 | 0.13388858443839824  |  0.9908094847672191 |                     |                    |
|     10     |  0.17795437721727614  | -0.06611141556160177 |  0.9820577961761957 |                     |                    |
|     10     |  -0.22204562278272388 | -0.2661114155616018  |  0.9411139826052626 |                     |                    |
|     11     | -0.022045622782723873 | 0.13388858443839824  |  0.9908094847672191 |  0.9881275008610267 | 0.9975729721540305 |
|     11     | -0.022045622782723873 | -0.06611141556160177 |  0.9975729721540305 |                     |                    |
|     11     | -0.022045622782723873 | 0.13388858443839824  |  0.9908094847672191 |                     |                    |
|     11     |  -0.22204562278272388 | -0.06611141556160177 |  0.9733180617556382 |                     |                    |
|     12     |  0.17795437721727614  | 0.13388858443839824  |  0.9753995007903299 |  0.9730313472890713 | 0.9975729721540305 |
|     12     | -0.022045622782723873 | -0.06611141556160177 |  0.9975729721540305 |                     |                    |
|     12     |  -0.22204562278272388 | 0.33388858443839825  |  0.9215799440578942 |                     |                    |
|     12     | -0.022045622782723873 | -0.06611141556160177 |  0.9975729721540305 |                     |                    |
|     13     |  0.17795437721727614  | -0.2661114155616018  |  0.9495645462911014 |  0.9838799938415954 | 0.9975729721540305 |
|     13     | -0.022045622782723873 | -0.06611141556160177 |  0.9975729721540305 |                     |                    |
|     13     | -0.022045622782723873 | 0.13388858443839824  |  0.9908094847672191 |                     |                    |
|     13     | -0.022045622782723873 | -0.06611141556160177 |  0.9975729721540305 |                     |                    |
|     14     | -0.022045622782723873 | -0.06611141556160177 |  0.9975729721540305 |  0.9936941781595718 | 0.9975729721540305 |
|     14     | -0.022045622782723873 | -0.06611141556160177 |  0.9975729721540305 |                     |                    |
|     14     | -0.022045622782723873 | -0.06611141556160177 |  0.9975729721540305 |                     |                    |
|     14     |  0.17795437721727614  | -0.06611141556160177 |  0.9820577961761957 |                     |                    |
|     15     | -0.022045622782723873 | -0.06611141556160177 |  0.9975729721540305 |  0.9898153841651132 | 0.9975729721540305 |
|     15     | -0.022045622782723873 | -0.06611141556160177 |  0.9975729721540305 |                     |                    |
|     15     |  0.17795437721727614  | -0.06611141556160177 |  0.9820577961761957 |                     |                    |
|     15     |  0.17795437721727614  | -0.06611141556160177 |  0.9820577961761957 |                     |                    |
|     16     |  -0.22204562278272388 | -0.06611141556160177 |  0.9733180617556382 |  0.9738532352385116 | 0.9908094847672191 |
|     16     |  -0.22204562278272388 | 0.13388858443839824  |  0.9667190212665745 |                     |                    |
|     16     | -0.022045622782723873 | 0.13388858443839824  |  0.9908094847672191 |                     |                    |
|     16     | -0.022045622782723873 | -0.2661114155616018  |  0.9645663731646148 |                     |                    |
|     17     | -0.022045622782723873 | -0.06611141556160177 |  0.9975729721540305 |  0.9626095776607785 | 0.9975729721540305 |
|     17     |  -0.22204562278272388 | 0.13388858443839824  |  0.9667190212665745 |                     |                    |
|     17     |  0.17795437721727614  | -0.06611141556160177 |  0.9820577961761957 |                     |                    |
|     17     |  -0.4220456227827239  | 0.13388858443839824  |  0.9040885210463132 |                     |                    |
|     18     | -0.022045622782723873 | -0.06611141556160177 |  0.9975729721540305 |  0.9881508103186467 | 0.9975729721540305 |
|     18     |  0.17795437721727614  | 0.13388858443839824  |  0.9753995007903299 |                     |                    |
|     18     | -0.022045622782723873 | -0.06611141556160177 |  0.9975729721540305 |                     |                    |
|     18     |  0.17795437721727614  | -0.06611141556160177 |  0.9820577961761957 |                     |                    |
|     19     | -0.022045622782723873 | 0.13388858443839824  |  0.9908094847672191 |  0.9821891219948925 | 0.9975729721540305 |
|     19     | -0.022045622782723873 | 0.13388858443839824  |  0.9908094847672191 |                     |                    |
|     19     |  0.17795437721727614  | -0.2661114155616018  |  0.9495645462911014 |                     |                    |
|     19     | -0.022045622782723873 | -0.06611141556160177 |  0.9975729721540305 |                     |                    |
|     20     | -0.022045622782723873 | -0.06611141556160177 |  0.9975729721540305 |  0.9958821003073277 | 0.9975729721540305 |
|     20     | -0.022045622782723873 | -0.06611141556160177 |  0.9975729721540305 |                     |                    |
|     20     | -0.022045622782723873 | 0.13388858443839824  |  0.9908094847672191 |                     |                    |
|     20     | -0.022045622782723873 | -0.06611141556160177 |  0.9975729721540305 |                     |                    |
|     21     |  0.17795437721727614  | -0.06611141556160177 |  0.9820577961761957 |  0.9936941781595718 | 0.9975729721540305 |
|     21     | -0.022045622782723873 | -0.06611141556160177 |  0.9975729721540305 |                     |                    |
|     21     | -0.022045622782723873 | -0.06611141556160177 |  0.9975729721540305 |                     |                    |
|     21     | -0.022045622782723873 | -0.06611141556160177 |  0.9975729721540305 |                     |                    |
|     22     | -0.022045622782723873 | -0.06611141556160177 |  0.9975729721540305 |  0.9876304505599738 | 0.9975729721540305 |
|     22     |  0.17795437721727614  | -0.06611141556160177 |  0.9820577961761957 |                     |                    |
|     22     |  -0.22204562278272388 | -0.06611141556160177 |  0.9733180617556382 |                     |                    |
|     22     | -0.022045622782723873 | -0.06611141556160177 |  0.9975729721540305 |                     |                    |
|     23     |  0.17795437721727614  | -0.06611141556160177 |  0.9820577961761957 |  0.983751656565515  | 0.9975729721540305 |
|     23     | -0.022045622782723873 | -0.2661114155616018  |  0.9645663731646148 |                     |                    |
|     23     | -0.022045622782723873 | -0.06611141556160177 |  0.9975729721540305 |                     |                    |
|     23     | -0.022045622782723873 | 0.13388858443839824  |  0.9908094847672191 |                     |                    |
|     24     | -0.022045622782723873 | 0.33388858443839825  |  0.944545549902874  |  0.9748939547558575 | 0.9975729721540305 |
|     24     | -0.022045622782723873 | -0.06611141556160177 |  0.9975729721540305 |                     |                    |
|     24     |  0.17795437721727614  | 0.13388858443839824  |  0.9753995007903299 |                     |                    |
|     24     |  0.17795437721727614  | -0.06611141556160177 |  0.9820577961761957 |                     |                    |
|     25     | -0.022045622782723873 | 0.13388858443839824  |  0.9908094847672191 |  0.9847690666252409 | 0.9908094847672191 |
|     25     |  0.17795437721727614  | -0.06611141556160177 |  0.9820577961761957 |                     |                    |
|     25     | -0.022045622782723873 | 0.13388858443839824  |  0.9908094847672191 |                     |                    |
|     25     |  0.17795437721727614  | 0.13388858443839824  |  0.9753995007903299 |                     |                    |
|     26     | -0.022045622782723873 | 0.13388858443839824  |  0.9908094847672191 |  0.9753910050569106 | 0.9908094847672191 |
|     26     | -0.022045622782723873 | 0.33388858443839825  |  0.944545549902874  |                     |                    |
|     26     |  0.17795437721727614  | 0.13388858443839824  |  0.9753995007903299 |                     |                    |
|     26     | -0.022045622782723873 | 0.13388858443839824  |  0.9908094847672191 |                     |                    |
|     27     | -0.022045622782723873 | 0.13388858443839824  |  0.9908094847672191 |  0.9886478606196997 | 0.9975729721540305 |
|     27     | -0.022045622782723873 | -0.06611141556160177 |  0.9975729721540305 |                     |                    |
|     27     | -0.022045622782723873 | 0.13388858443839824  |  0.9908094847672191 |                     |                    |
|     27     |  0.17795437721727614  | 0.13388858443839824  |  0.9753995007903299 |                     |                    |
|     28     | -0.022045622782723873 | -0.06611141556160177 |  0.9975729721540305 |  0.9958821003073277 | 0.9975729721540305 |
|     28     | -0.022045622782723873 | -0.06611141556160177 |  0.9975729721540305 |                     |                    |
|     28     | -0.022045622782723873 | -0.06611141556160177 |  0.9975729721540305 |                     |                    |
|     28     | -0.022045622782723873 | 0.13388858443839824  |  0.9908094847672191 |                     |                    |
|     29     | -0.022045622782723873 | 0.13388858443839824  |  0.9908094847672191 |  0.9958821003073277 | 0.9975729721540305 |
|     29     | -0.022045622782723873 | -0.06611141556160177 |  0.9975729721540305 |                     |                    |
|     29     | -0.022045622782723873 | -0.06611141556160177 |  0.9975729721540305 |                     |                    |
|     29     | -0.022045622782723873 | -0.06611141556160177 |  0.9975729721540305 |                     |                    |
|     30     |  0.17795437721727614  | -0.06611141556160177 |  0.9820577961761957 |  0.9898153841651132 | 0.9975729721540305 |
|     30     | -0.022045622782723873 | -0.06611141556160177 |  0.9975729721540305 |                     |                    |
|     30     | -0.022045622782723873 | -0.06611141556160177 |  0.9975729721540305 |                     |                    |
|     30     |  0.17795437721727614  | -0.06611141556160177 |  0.9820577961761957 |                     |                    |
|     31     | -0.022045622782723873 | -0.06611141556160177 |  0.9975729721540305 |  0.9958821003073277 | 0.9975729721540305 |
|     31     | -0.022045622782723873 | 0.13388858443839824  |  0.9908094847672191 |                     |                    |
|     31     | -0.022045622782723873 | -0.06611141556160177 |  0.9975729721540305 |                     |                    |
|     31     | -0.022045622782723873 | -0.06611141556160177 |  0.9975729721540305 |                     |                    |
|     32     | -0.022045622782723873 | -0.06611141556160177 |  0.9975729721540305 |  0.9915092445544325 | 0.9975729721540305 |
|     32     |  -0.22204562278272388 | -0.06611141556160177 |  0.9733180617556382 |                     |                    |
|     32     | -0.022045622782723873 | -0.06611141556160177 |  0.9975729721540305 |                     |                    |
|     32     | -0.022045622782723873 | -0.06611141556160177 |  0.9975729721540305 |                     |                    |
|     33     | -0.022045622782723873 | -0.06611141556160177 |  0.9975729721540305 |  0.9975729721540305 | 0.9975729721540305 |
|     33     | -0.022045622782723873 | -0.06611141556160177 |  0.9975729721540305 |                     |                    |
|     33     | -0.022045622782723873 | -0.06611141556160177 |  0.9975729721540305 |                     |                    |
|     33     | -0.022045622782723873 | -0.06611141556160177 |  0.9975729721540305 |                     |                    |
|     34     | -0.022045622782723873 | -0.06611141556160177 |  0.9975729721540305 |  0.977190878664864  | 0.9975729721540305 |
|     34     |  0.17795437721727614  | -0.06611141556160177 |  0.9820577961761957 |                     |                    |
|     34     | -0.022045622782723873 | -0.2661114155616018  |  0.9645663731646148 |                     |                    |
|     34     | -0.022045622782723873 | -0.2661114155616018  |  0.9645663731646148 |                     |                    |
|     35     |  0.17795437721727614  | -0.06611141556160177 |  0.9820577961761957 |  0.9842720163241879 | 0.9975729721540305 |
|     35     |  0.17795437721727614  | 0.13388858443839824  |  0.9753995007903299 |                     |                    |
|     35     | -0.022045622782723873 | -0.06611141556160177 |  0.9975729721540305 |                     |                    |
|     35     |  0.17795437721727614  | -0.06611141556160177 |  0.9820577961761957 |                     |                    |
|     36     | -0.022045622782723873 | 0.13388858443839824  |  0.9908094847672191 |  0.9842457183239516 | 0.9908094847672191 |
|     36     |  0.17795437721727614  | -0.06611141556160177 |  0.9820577961761957 |                     |                    |
|     36     |  0.17795437721727614  | -0.06611141556160177 |  0.9820577961761957 |                     |                    |
|     36     |  0.17795437721727614  | -0.06611141556160177 |  0.9820577961761957 |                     |                    |
|     37     | -0.022045622782723873 | 0.13388858443839824  |  0.9908094847672191 |  0.9782082887245899 | 0.9908094847672191 |
|     37     |  0.17795437721727614  | -0.06611141556160177 |  0.9820577961761957 |                     |                    |
|     37     | -0.022045622782723873 | -0.2661114155616018  |  0.9645663731646148 |                     |                    |
|     37     |  0.17795437721727614  | 0.13388858443839824  |  0.9753995007903299 |                     |                    |
|     38     | -0.022045622782723873 | -0.06611141556160177 |  0.9975729721540305 |  0.9804225088725821 | 0.9975729721540305 |
|     38     |  0.17795437721727614  | 0.13388858443839824  |  0.9753995007903299 |                     |                    |
|     38     |  -0.22204562278272388 | -0.06611141556160177 |  0.9733180617556382 |                     |                    |
|     38     |  0.17795437721727614  | 0.13388858443839824  |  0.9753995007903299 |                     |                    |
|     39     |  -0.22204562278272388 | -0.06611141556160177 |  0.9733180617556382 |  0.966729530560147  | 0.9908094847672191 |
|     39     |  0.17795437721727614  | 0.13388858443839824  |  0.9753995007903299 |                     |                    |
|     39     | -0.022045622782723873 | 0.13388858443839824  |  0.9908094847672191 |                     |                    |
|     39     |  0.37795437721727615  | -0.06611141556160177 |  0.9273910749274009 |                     |                    |
|     40     | -0.022045622782723873 | 0.13388858443839824  |  0.9908094847672191 |  0.9831044927787744 | 0.9908094847672191 |
|     40     |  0.17795437721727614  | 0.13388858443839824  |  0.9753995007903299 |                     |                    |
|     40     | -0.022045622782723873 | 0.13388858443839824  |  0.9908094847672191 |                     |                    |
|     40     |  0.17795437721727614  | 0.13388858443839824  |  0.9753995007903299 |                     |                    |
|     41     | -0.022045622782723873 | -0.06611141556160177 |  0.9975729721540305 |  0.9881275008610267 | 0.9975729721540305 |
|     41     | -0.022045622782723873 | 0.13388858443839824  |  0.9908094847672191 |                     |                    |
|     41     |  -0.22204562278272388 | -0.06611141556160177 |  0.9733180617556382 |                     |                    |
|     41     | -0.022045622782723873 | 0.13388858443839824  |  0.9908094847672191 |                     |                    |
|     42     | -0.022045622782723873 | 0.13388858443839824  |  0.9908094847672191 |  0.9820870827190485 | 0.9975729721540305 |
|     42     | -0.022045622782723873 | -0.06611141556160177 |  0.9975729721540305 |                     |                    |
|     42     |  0.17795437721727614  | 0.13388858443839824  |  0.9753995007903299 |                     |                    |
|     42     | -0.022045622782723873 | -0.2661114155616018  |  0.9645663731646148 |                     |                    |
|     43     | -0.022045622782723873 | 0.13388858443839824  |  0.9908094847672191 |  0.9903124344661661 | 0.9975729721540305 |
|     43     |  0.17795437721727614  | -0.06611141556160177 |  0.9820577961761957 |                     |                    |
|     43     | -0.022045622782723873 | 0.13388858443839824  |  0.9908094847672191 |                     |                    |
|     43     | -0.022045622782723873 | -0.06611141556160177 |  0.9975729721540305 |                     |                    |
|     44     | -0.022045622782723873 | 0.13388858443839824  |  0.9908094847672191 |  0.9787464507500798 | 0.9975729721540305 |
|     44     |  0.17795437721727614  | -0.06611141556160177 |  0.9820577961761957 |                     |                    |
|     44     | -0.022045622782723873 | 0.33388858443839825  |  0.944545549902874  |                     |                    |
|     44     | -0.022045622782723873 | -0.06611141556160177 |  0.9975729721540305 |                     |                    |
|     45     | -0.022045622782723873 | 0.13388858443839824  |  0.9908094847672191 |  0.9881686125854636 | 0.9975729721540305 |
|     45     | -0.022045622782723873 | -0.06611141556160177 |  0.9975729721540305 |                     |                    |
|     45     |  -0.22204562278272388 | 0.13388858443839824  |  0.9667190212665745 |                     |                    |
|     45     | -0.022045622782723873 | -0.06611141556160177 |  0.9975729721540305 |                     |                    |
|     46     | -0.022045622782723873 | -0.06611141556160177 |  0.9975729721540305 |  0.9975729721540305 | 0.9975729721540305 |
|     46     | -0.022045622782723873 | -0.06611141556160177 |  0.9975729721540305 |                     |                    |
|     46     | -0.022045622782723873 | -0.06611141556160177 |  0.9975729721540305 |                     |                    |
|     46     | -0.022045622782723873 | -0.06611141556160177 |  0.9975729721540305 |                     |                    |
|     47     | -0.022045622782723873 | -0.06611141556160177 |  0.9975729721540305 |  0.9893213224066766 | 0.9975729721540305 |
|     47     | -0.022045622782723873 | -0.06611141556160177 |  0.9975729721540305 |                     |                    |
|     47     | -0.022045622782723873 | -0.2661114155616018  |  0.9645663731646148 |                     |                    |
|     47     | -0.022045622782723873 | -0.06611141556160177 |  0.9975729721540305 |                     |                    |
|     48     | -0.022045622782723873 | -0.06611141556160177 |  0.9975729721540305 |  0.9898183727077295 | 0.9975729721540305 |
|     48     | -0.022045622782723873 | 0.13388858443839824  |  0.9908094847672191 |                     |                    |
|     48     |  -0.22204562278272388 | -0.06611141556160177 |  0.9733180617556382 |                     |                    |
|     48     | -0.022045622782723873 | -0.06611141556160177 |  0.9975729721540305 |                     |                    |
|     49     | -0.022045622782723873 | -0.06611141556160177 |  0.9975729721540305 |  0.9752065750194846 | 0.9975729721540305 |
|     49     | -0.022045622782723873 | -0.06611141556160177 |  0.9975729721540305 |                     |                    |
|     49     | -0.022045622782723873 | -0.2661114155616018  |  0.9645663731646148 |                     |                    |
|     49     |  -0.22204562278272388 | -0.2661114155616018  |  0.9411139826052626 |                     |                    |
|     50     | -0.022045622782723873 | -0.06611141556160177 |  0.9975729721540305 |  0.9975729721540305 | 0.9975729721540305 |
|     50     | -0.022045622782723873 | -0.06611141556160177 |  0.9975729721540305 |                     |                    |
|     50     | -0.022045622782723873 | -0.06611141556160177 |  0.9975729721540305 |                     |                    |
|     50     | -0.022045622782723873 | -0.06611141556160177 |  0.9975729721540305 |                     |                    |
|     51     |  -0.22204562278272388 | -0.06611141556160177 |  0.9733180617556382 |  0.9915092445544325 | 0.9975729721540305 |
|     51     | -0.022045622782723873 | -0.06611141556160177 |  0.9975729721540305 |                     |                    |
|     51     | -0.022045622782723873 | -0.06611141556160177 |  0.9975729721540305 |                     |                    |
|     51     | -0.022045622782723873 | -0.06611141556160177 |  0.9975729721540305 |                     |                    |
|     52     |  0.17795437721727614  | -0.06611141556160177 |  0.9820577961761957 |  0.9936941781595718 | 0.9975729721540305 |
|     52     | -0.022045622782723873 | -0.06611141556160177 |  0.9975729721540305 |                     |                    |
|     52     | -0.022045622782723873 | -0.06611141556160177 |  0.9975729721540305 |                     |                    |
|     52     | -0.022045622782723873 | -0.06611141556160177 |  0.9975729721540305 |                     |                    |
|     53     | -0.022045622782723873 | -0.06611141556160177 |  0.9975729721540305 |  0.9756283440942415 | 0.9975729721540305 |
|     53     |  0.17795437721727614  | -0.2661114155616018  |  0.9495645462911014 |                     |                    |
|     53     |  0.17795437721727614  | -0.06611141556160177 |  0.9820577961761957 |                     |                    |
|     53     |  -0.22204562278272388 | -0.06611141556160177 |  0.9733180617556382 |                     |                    |
|     54     | -0.022045622782723873 | -0.06611141556160177 |  0.9975729721540305 |  0.9936941781595718 | 0.9975729721540305 |
|     54     |  0.17795437721727614  | -0.06611141556160177 |  0.9820577961761957 |                     |                    |
|     54     | -0.022045622782723873 | -0.06611141556160177 |  0.9975729721540305 |                     |                    |
|     54     | -0.022045622782723873 | -0.06611141556160177 |  0.9975729721540305 |                     |                    |
|     55     | -0.022045622782723873 | -0.06611141556160177 |  0.9975729721540305 |  0.9893213224066766 | 0.9975729721540305 |
|     55     | -0.022045622782723873 | -0.2661114155616018  |  0.9645663731646148 |                     |                    |
|     55     | -0.022045622782723873 | -0.06611141556160177 |  0.9975729721540305 |                     |                    |
|     55     | -0.022045622782723873 | -0.06611141556160177 |  0.9975729721540305 |                     |                    |
|     56     | -0.022045622782723873 | -0.2661114155616018  |  0.9645663731646148 |  0.983751656565515  | 0.9975729721540305 |
|     56     |  0.17795437721727614  | -0.06611141556160177 |  0.9820577961761957 |                     |                    |
|     56     | -0.022045622782723873 | -0.06611141556160177 |  0.9975729721540305 |                     |                    |
|     56     | -0.022045622782723873 | 0.13388858443839824  |  0.9908094847672191 |                     |                    |
|     57     |  0.17795437721727614  | 0.13388858443839824  |  0.9753995007903299 |  0.9826252447445385 | 0.9975729721540305 |
|     57     | -0.022045622782723873 | 0.13388858443839824  |  0.9908094847672191 |                     |                    |
|     57     |  -0.22204562278272388 | 0.13388858443839824  |  0.9667190212665745 |                     |                    |
|     57     | -0.022045622782723873 | -0.06611141556160177 |  0.9975729721540305 |                     |                    |
|     58     | -0.022045622782723873 | 0.33388858443839825  |  0.944545549902874  |  0.9766026288693774 | 0.9975729721540305 |
|     58     | -0.022045622782723873 | -0.06611141556160177 |  0.9975729721540305 |                     |                    |
|     58     |  -0.22204562278272388 | 0.13388858443839824  |  0.9667190212665745 |                     |                    |
|     58     | -0.022045622782723873 | -0.06611141556160177 |  0.9975729721540305 |                     |                    |
|     59     | -0.022045622782723873 | -0.06611141556160177 |  0.9975729721540305 |  0.9893213224066766 | 0.9975729721540305 |
|     59     | -0.022045622782723873 | -0.2661114155616018  |  0.9645663731646148 |                     |                    |
|     59     | -0.022045622782723873 | -0.06611141556160177 |  0.9975729721540305 |                     |                    |
|     59     | -0.022045622782723873 | -0.06611141556160177 |  0.9975729721540305 |                     |                    |
|     60     |  -0.22204562278272388 | -0.06611141556160177 |  0.9733180617556382 |  0.9876304505599738 | 0.9975729721540305 |
|     60     | -0.022045622782723873 | -0.06611141556160177 |  0.9975729721540305 |                     |                    |
|     60     |  0.17795437721727614  | -0.06611141556160177 |  0.9820577961761957 |                     |                    |
|     60     | -0.022045622782723873 | -0.06611141556160177 |  0.9975729721540305 |                     |                    |
|     61     | -0.022045622782723873 | -0.06611141556160177 |  0.9975729721540305 |  0.9975729721540305 | 0.9975729721540305 |
|     61     | -0.022045622782723873 | -0.06611141556160177 |  0.9975729721540305 |                     |                    |
|     61     | -0.022045622782723873 | -0.06611141556160177 |  0.9975729721540305 |                     |                    |
|     61     | -0.022045622782723873 | -0.06611141556160177 |  0.9975729721540305 |                     |                    |
|     62     | -0.022045622782723873 | -0.06611141556160177 |  0.9975729721540305 |  0.9975729721540305 | 0.9975729721540305 |
|     62     | -0.022045622782723873 | -0.06611141556160177 |  0.9975729721540305 |                     |                    |
|     62     | -0.022045622782723873 | -0.06611141556160177 |  0.9975729721540305 |                     |                    |
|     62     | -0.022045622782723873 | -0.06611141556160177 |  0.9975729721540305 |                     |                    |
|     63     | -0.022045622782723873 | -0.06611141556160177 |  0.9975729721540305 |  0.9915092445544325 | 0.9975729721540305 |
|     63     | -0.022045622782723873 | -0.06611141556160177 |  0.9975729721540305 |                     |                    |
|     63     |  -0.22204562278272388 | -0.06611141556160177 |  0.9733180617556382 |                     |                    |
|     63     | -0.022045622782723873 | -0.06611141556160177 |  0.9975729721540305 |                     |                    |
|     64     |  -0.22204562278272388 | -0.2661114155616018  |  0.9411139826052626 |  0.9691428474198865 | 0.9975729721540305 |
|     64     | -0.022045622782723873 | -0.2661114155616018  |  0.9645663731646148 |                     |                    |
|     64     |  -0.22204562278272388 | -0.06611141556160177 |  0.9733180617556382 |                     |                    |
|     64     | -0.022045622782723873 | -0.06611141556160177 |  0.9975729721540305 |                     |                    |
|     65     | -0.022045622782723873 | 0.13388858443839824  |  0.9908094847672191 |  0.9817673529201356 | 0.9975729721540305 |
|     65     |  -0.22204562278272388 | -0.2661114155616018  |  0.9411139826052626 |                     |                    |
|     65     | -0.022045622782723873 | -0.06611141556160177 |  0.9975729721540305 |                     |                    |
|     65     | -0.022045622782723873 | -0.06611141556160177 |  0.9975729721540305 |                     |                    |
|     66     | -0.022045622782723873 | -0.2661114155616018  |  0.9645663731646148 |  0.9893213224066766 | 0.9975729721540305 |
|     66     | -0.022045622782723873 | -0.06611141556160177 |  0.9975729721540305 |                     |                    |
|     66     | -0.022045622782723873 | -0.06611141556160177 |  0.9975729721540305 |                     |                    |
|     66     | -0.022045622782723873 | -0.06611141556160177 |  0.9975729721540305 |                     |                    |
|     67     |  -0.22204562278272388 | -0.06611141556160177 |  0.9733180617556382 |  0.9832575948070785 | 0.9975729721540305 |
|     67     | -0.022045622782723873 | -0.06611141556160177 |  0.9975729721540305 |                     |                    |
|     67     | -0.022045622782723873 | -0.06611141556160177 |  0.9975729721540305 |                     |                    |
|     67     | -0.022045622782723873 | -0.2661114155616018  |  0.9645663731646148 |                     |                    |
|     68     | -0.022045622782723873 | -0.2661114155616018  |  0.9645663731646148 |  0.9733150732130217 | 0.9908094847672191 |
|     68     | -0.022045622782723873 | -0.2661114155616018  |  0.9645663731646148 |                     |                    |
|     68     |  -0.22204562278272388 | -0.06611141556160177 |  0.9733180617556382 |                     |                    |
|     68     | -0.022045622782723873 | 0.13388858443839824  |  0.9908094847672191 |                     |                    |
|     69     |  -0.22204562278272388 | -0.06611141556160177 |  0.9733180617556382 |  0.9603835323312022 | 0.9908094847672191 |
|     69     |  -0.22204562278272388 | -0.06611141556160177 |  0.9733180617556382 |                     |                    |
|     69     | -0.022045622782723873 | 0.13388858443839824  |  0.9908094847672191 |                     |                    |
|     69     |  -0.4220456227827239  | 0.13388858443839824  |  0.9040885210463132 |                     |                    |
|     70     | -0.022045622782723873 | -0.2661114155616018  |  0.9645663731646148 |  0.9543579279134246 | 0.9820577961761957 |
|     70     |  -0.4220456227827239  | 0.13388858443839824  |  0.9040885210463132 |                     |                    |
|     70     |  0.17795437721727614  | -0.06611141556160177 |  0.9820577961761957 |                     |                    |
|     70     |  -0.22204562278272388 | 0.13388858443839824  |  0.9667190212665745 |                     |                    |
|     71     |  0.37795437721727615  | 0.33388858443839825  |  0.878094272092073  |  0.9228818677311477 | 0.9733180617556382 |
|     71     |  -0.22204562278272388 | -0.06611141556160177 |  0.9733180617556382 |                     |                    |
|     71     |  0.17795437721727614  | 0.33388858443839825  |  0.9298551053590726 |                     |                    |
|     71     |  -0.4220456227827239  | -0.06611141556160177 |  0.9102600317178067 |                     |                    |
|     72     |  -0.22204562278272388 | 0.33388858443839825  |  0.9215799440578942 |  0.9365802752650083 | 0.9820577961761957 |
|     72     |  0.17795437721727614  | -0.06611141556160177 |  0.9820577961761957 |                     |                    |
|     72     | -0.022045622782723873 |  0.5338885844383983  |  0.8606255646497477 |                     |                    |
|     72     |  0.17795437721727614  | -0.06611141556160177 |  0.9820577961761957 |                     |                    |
|     73     |  0.17795437721727614  | -0.06611141556160177 |  0.9820577961761957 |  0.9820577961761957 | 0.9820577961761957 |
|     73     |  0.17795437721727614  | -0.06611141556160177 |  0.9820577961761957 |                     |                    |
|     73     |  0.17795437721727614  | -0.06611141556160177 |  0.9820577961761957 |                     |                    |
|     73     |  0.17795437721727614  | -0.06611141556160177 |  0.9820577961761957 |                     |                    |
|     74     |  0.17795437721727614  | -0.06611141556160177 |  0.9820577961761957 |  0.9842457183239516 | 0.9908094847672191 |
|     74     |  0.17795437721727614  | -0.06611141556160177 |  0.9820577961761957 |                     |                    |
|     74     | -0.022045622782723873 | 0.13388858443839824  |  0.9908094847672191 |                     |                    |
|     74     |  0.17795437721727614  | -0.06611141556160177 |  0.9820577961761957 |                     |                    |
|     75     | -0.022045622782723873 | -0.06611141556160177 |  0.9975729721540305 |  0.9864599384719438 | 0.9975729721540305 |
|     75     |  0.17795437721727614  | -0.06611141556160177 |  0.9820577961761957 |                     |                    |
|     75     | -0.022045622782723873 | 0.13388858443839824  |  0.9908094847672191 |                     |                    |
|     75     |  0.17795437721727614  | 0.13388858443839824  |  0.9753995007903299 |                     |                    |
|     76     | -0.022045622782723873 | 0.13388858443839824  |  0.9908094847672191 |  0.9743735949971846 | 0.9975729721540305 |
|     76     | -0.022045622782723873 | -0.06611141556160177 |  0.9975729721540305 |                     |                    |
|     76     | -0.022045622782723873 | 0.33388858443839825  |  0.944545549902874  |                     |                    |
|     76     | -0.022045622782723873 | -0.2661114155616018  |  0.9645663731646148 |                     |                    |
|     77     | -0.022045622782723873 | 0.13388858443839824  |  0.9908094847672191 |  0.9881275008610267 | 0.9975729721540305 |
|     77     |  -0.22204562278272388 | -0.06611141556160177 |  0.9733180617556382 |                     |                    |
|     77     | -0.022045622782723873 | 0.13388858443839824  |  0.9908094847672191 |                     |                    |
|     77     | -0.022045622782723873 | -0.06611141556160177 |  0.9975729721540305 |                     |                    |
|     78     | -0.022045622782723873 | 0.13388858443839824  |  0.9908094847672191 |  0.9903387324664025 | 0.9975729721540305 |
|     78     | -0.022045622782723873 | -0.06611141556160177 |  0.9975729721540305 |                     |                    |
|     78     |  0.17795437721727614  | 0.13388858443839824  |  0.9753995007903299 |                     |                    |
|     78     | -0.022045622782723873 | -0.06611141556160177 |  0.9975729721540305 |                     |                    |
|     79     | -0.022045622782723873 | -0.06611141556160177 |  0.9975729721540305 |  0.9893213224066766 | 0.9975729721540305 |
|     79     | -0.022045622782723873 | -0.06611141556160177 |  0.9975729721540305 |                     |                    |
|     79     | -0.022045622782723873 | -0.2661114155616018  |  0.9645663731646148 |                     |                    |
|     79     | -0.022045622782723873 | -0.06611141556160177 |  0.9975729721540305 |                     |                    |
|     80     |  -0.22204562278272388 | -0.06611141556160177 |  0.9733180617556382 |  0.9837957568325684 | 0.9975729721540305 |
|     80     |  -0.22204562278272388 | 0.13388858443839824  |  0.9667190212665745 |                     |                    |
|     80     | -0.022045622782723873 | -0.06611141556160177 |  0.9975729721540305 |                     |                    |
|     80     | -0.022045622782723873 | -0.06611141556160177 |  0.9975729721540305 |                     |                    |
|     81     |  -0.22204562278272388 | 0.13388858443839824  |  0.9667190212665745 |  0.9787642530168967 | 0.9908094847672191 |
|     81     | -0.022045622782723873 | 0.13388858443839824  |  0.9908094847672191 |                     |                    |
|     81     |  -0.22204562278272388 | 0.13388858443839824  |  0.9667190212665745 |                     |                    |
|     81     | -0.022045622782723873 | 0.13388858443839824  |  0.9908094847672191 |                     |                    |
|     82     | -0.022045622782723873 | 0.13388858443839824  |  0.9908094847672191 |  0.9869569887729968 | 0.9908094847672191 |
|     82     | -0.022045622782723873 | 0.13388858443839824  |  0.9908094847672191 |                     |                    |
|     82     | -0.022045622782723873 | 0.13388858443839824  |  0.9908094847672191 |                     |                    |
|     82     |  0.17795437721727614  | 0.13388858443839824  |  0.9753995007903299 |                     |                    |
|     83     |  -0.22204562278272388 | 0.13388858443839824  |  0.9667190212665745 |  0.9847868688920579 | 0.9908094847672191 |
|     83     | -0.022045622782723873 | 0.13388858443839824  |  0.9908094847672191 |                     |                    |
|     83     | -0.022045622782723873 | 0.13388858443839824  |  0.9908094847672191 |                     |                    |
|     83     | -0.022045622782723873 | 0.13388858443839824  |  0.9908094847672191 |                     |                    |
|     84     | -0.022045622782723873 | 0.13388858443839824  |  0.9908094847672191 |  0.9809343728978357 | 0.9908094847672191 |
|     84     |  -0.22204562278272388 | 0.13388858443839824  |  0.9667190212665745 |                     |                    |
|     84     |  0.17795437721727614  | 0.13388858443839824  |  0.9753995007903299 |                     |                    |
|     84     | -0.022045622782723873 | 0.13388858443839824  |  0.9908094847672191 |                     |                    |
|     85     | -0.022045622782723873 | 0.33388858443839825  |  0.944545549902874  |  0.9572820457069902 | 0.9733180617556382 |
|     85     |  -0.22204562278272388 | 0.13388858443839824  |  0.9667190212665745 |                     |                    |
|     85     |  -0.22204562278272388 | -0.06611141556160177 |  0.9733180617556382 |                     |                    |
|     85     | -0.022045622782723873 | 0.33388858443839825  |  0.944545549902874  |                     |                    |
|     86     |  -0.22204562278272388 | 0.13388858443839824  |  0.9667190212665745 |  0.9760822691107044 | 0.9975729721540305 |
|     86     | -0.022045622782723873 | -0.06611141556160177 |  0.9975729721540305 |                     |                    |
|     86     |  -0.22204562278272388 | 0.13388858443839824  |  0.9667190212665745 |                     |                    |
|     86     |  -0.22204562278272388 | -0.06611141556160177 |  0.9733180617556382 |                     |                    |
|     87     | -0.022045622782723873 | -0.06611141556160177 |  0.9975729721540305 |  0.9614293596980226 | 0.9975729721540305 |
|     87     |  -0.22204562278272388 | -0.06611141556160177 |  0.9733180617556382 |                     |                    |
|     87     | -0.022045622782723873 | -0.2661114155616018  |  0.9645663731646148 |                     |                    |
|     87     |  -0.4220456227827239  | -0.06611141556160177 |  0.9102600317178067 |                     |                    |
|     88     | -0.022045622782723873 | -0.06611141556160177 |  0.9975729721540305 |  0.9735157031727817 | 0.9975729721540305 |
|     88     |  -0.22204562278272388 | -0.06611141556160177 |  0.9733180617556382 |                     |                    |
|     88     |  0.17795437721727614  | -0.06611141556160177 |  0.9820577961761957 |                     |                    |
|     88     |  -0.22204562278272388 | -0.2661114155616018  |  0.9411139826052626 |                     |                    |
|     89     | -0.022045622782723873 | -0.06611141556160177 |  0.9975729721540305 |  0.9816920716938395 | 0.9975729721540305 |
|     89     |  0.17795437721727614  | -0.2661114155616018  |  0.9495645462911014 |                     |                    |
|     89     | -0.022045622782723873 | -0.06611141556160177 |  0.9975729721540305 |                     |                    |
|     89     |  0.17795437721727614  | -0.06611141556160177 |  0.9820577961761957 |                     |                    |
|     90     | -0.022045622782723873 | -0.06611141556160177 |  0.9975729721540305 |  0.9915092445544325 | 0.9975729721540305 |
|     90     | -0.022045622782723873 | -0.06611141556160177 |  0.9975729721540305 |                     |                    |
|     90     |  -0.22204562278272388 | -0.06611141556160177 |  0.9733180617556382 |                     |                    |
|     90     | -0.022045622782723873 | -0.06611141556160177 |  0.9975729721540305 |                     |                    |
|     91     | -0.022045622782723873 | -0.06611141556160177 |  0.9975729721540305 |  0.9975729721540305 | 0.9975729721540305 |
|     91     | -0.022045622782723873 | -0.06611141556160177 |  0.9975729721540305 |                     |                    |
|     91     | -0.022045622782723873 | -0.06611141556160177 |  0.9975729721540305 |                     |                    |
|     91     | -0.022045622782723873 | -0.06611141556160177 |  0.9975729721540305 |                     |                    |
|     92     | -0.022045622782723873 | -0.06611141556160177 |  0.9975729721540305 |  0.9876304505599738 | 0.9975729721540305 |
|     92     |  0.17795437721727614  | -0.06611141556160177 |  0.9820577961761957 |                     |                    |
|     92     | -0.022045622782723873 | -0.06611141556160177 |  0.9975729721540305 |                     |                    |
|     92     |  -0.22204562278272388 | -0.06611141556160177 |  0.9733180617556382 |                     |                    |
|     93     | -0.022045622782723873 | -0.2661114155616018  |  0.9645663731646148 |  0.963076131277672  | 0.9820577961761957 |
|     93     |  -0.22204562278272388 | -0.2661114155616018  |  0.9411139826052626 |                     |                    |
|     93     |  0.17795437721727614  | -0.06611141556160177 |  0.9820577961761957 |                     |                    |
|     93     | -0.022045622782723873 | -0.2661114155616018  |  0.9645663731646148 |                     |                    |
|     94     |  0.17795437721727614  | -0.2661114155616018  |  0.9495645462911014 |  0.9636262376285092 | 0.9908094847672191 |
|     94     | -0.022045622782723873 | -0.2661114155616018  |  0.9645663731646148 |                     |                    |
|     94     |  0.17795437721727614  | -0.2661114155616018  |  0.9495645462911014 |                     |                    |
|     94     | -0.022045622782723873 | 0.13388858443839824  |  0.9908094847672191 |                     |                    |
|     95     | -0.022045622782723873 | -0.2661114155616018  |  0.9645663731646148 |  0.9776879289659169 | 0.9908094847672191 |
|     95     | -0.022045622782723873 | 0.13388858443839824  |  0.9908094847672191 |                     |                    |
|     95     | -0.022045622782723873 | -0.2661114155616018  |  0.9645663731646148 |                     |                    |
|     95     | -0.022045622782723873 | 0.13388858443839824  |  0.9908094847672191 |                     |                    |
|     96     |  0.17795437721727614  | 0.33388858443839825  |  0.9298551053590726 |  0.9601524102048739 | 0.9908094847672191 |
|     96     | -0.022045622782723873 | 0.33388858443839825  |  0.944545549902874  |                     |                    |
|     96     |  0.17795437721727614  | 0.13388858443839824  |  0.9753995007903299 |                     |                    |
|     96     | -0.022045622782723873 | 0.13388858443839824  |  0.9908094847672191 |                     |                    |
|     97     | -0.022045622782723873 | -0.06611141556160177 |  0.9975729721540305 |  0.9787727487503162 | 0.9975729721540305 |
|     97     |  0.17795437721727614  | 0.13388858443839824  |  0.9753995007903299 |                     |                    |
|     97     |  -0.22204562278272388 | 0.13388858443839824  |  0.9667190212665745 |                     |                    |
|     97     |  0.17795437721727614  | 0.13388858443839824  |  0.9753995007903299 |                     |                    |
|     98     | -0.022045622782723873 | 0.13388858443839824  |  0.9908094847672191 |  0.9809165706310187 | 0.9908094847672191 |
|     98     |  0.17795437721727614  | 0.13388858443839824  |  0.9753995007903299 |                     |                    |
|     98     |  0.17795437721727614  | 0.13388858443839824  |  0.9753995007903299 |                     |                    |
|     98     |  0.17795437721727614  | -0.06611141556160177 |  0.9820577961761957 |                     |                    |
|     99     | -0.022045622782723873 | -0.2661114155616018  |  0.9645663731646148 |  0.9668484878670119 | 0.9975729721540305 |
|     99     |  0.17795437721727614  | 0.33388858443839825  |  0.9298551053590726 |                     |                    |
|     99     | -0.022045622782723873 | -0.06611141556160177 |  0.9975729721540305 |                     |                    |
|     99     |  0.17795437721727614  | 0.13388858443839824  |  0.9753995007903299 |                     |                    |
|    100     | -0.022045622782723873 | 0.13388858443839824  |  0.9908094847672191 |  0.9749548823072646 | 0.9908094847672191 |
|    100     |  0.37795437721727615  | -0.06611141556160177 |  0.9273910749274009 |                     |                    |
|    100     | -0.022045622782723873 | 0.13388858443839824  |  0.9908094847672191 |                     |                    |
|    100     | -0.022045622782723873 | 0.13388858443839824  |  0.9908094847672191 |                     |                    |
+------------+-----------------------+----------------------+---------------------+---------------------+--------------------+